[gd_scene load_steps=2 format=2]

[ext_resource path="res://BlenderFiles/pzIV_v18(with base interior).glb" type="PackedScene" id=1]

[node name="pzIV_v18(with base interior)" instance=ExtResource( 1 )]

[node name="gunner_front_port" parent="." index="25"]
transform = Transform( 1, 0, 0, 0, 0.997881, 0.0650629, 0, -0.0650629, 0.997881, 0.672767, 2.1746, 0.604848 )

[node name="loader_front_port" parent="." index="26"]
transform = Transform( 1, 0, 0, 0, 0.997657, 0.0684124, 0, -0.0684124, 0.997657, -0.673, 2.175, 0.605 )

[node name="turret_sideslits001" parent="." index="31"]
transform = Transform( 0.893278, 0.323803, -0.31178, -0.340439, 0.940266, 0.00113649, 0.293524, 0.105127, 0.950154, -0.782271, 2.14169, -0.562941 )

[node name="turret_door_front001" parent="." index="32"]
transform = Transform( 0.886164, 0.321269, -0.333916, -0.340439, 0.940266, 0.00117832, 0.314348, 0.112634, 0.942602, -0.897957, 2.05753, -0.387935 )

[node name="turret_door_back002" parent="." index="33"]
transform = Transform( 0.886123, 0.321239, -0.334054, -0.340439, 0.940266, 0.00113649, 0.314465, 0.112718, 0.942553, -0.699791, 2.05701, -0.932843 )
